97 9
442841652 40192083 40192083 40192083 1061837 1061837 442841652 1061837 442841652 
442841652 1061837 40192083 40192083 1061837 442841652 1061837 1061837 1061837 
40192083 442841652 40192083 442841652 442841652 442841652 442841652 1061837 1061837 
1061837 1061837 442841652 40192083 40192083 40192083 1061837 442841652 442841652 
1061837 1061837 442841652 442841652 1061837 40192083 40192083 442841652 1061837 
442841652 1061837 1061837 442841652 1061837 1061837 40192083 40192083 40192083 
40192083 1061837 1061837 442841652 1061837 1061837 442841652 442841652 1061837 
40192083 40192083 40192083 1061837 1061837 1061837 1061837 40192083 442841652 
442841652 40192083 1061837 40192083 442841652 442841652 442841652 442841652 40192083 
1061837 442841652 1061837 1061837 40192083 40192083 1061837 40192083 442841652 
40192083 40192083 40192083 40192083 442841652 40192083 40192083 442841652 1061837 
40192083 442841652 40192083 1061837 1061837 40192083 40192083 442841652 442841652 
442841652 1061837 40192083 442841652 442841652 442841652 40192083 1061837 40192083 
40192083 1061837 40192083 40192083 442841652 1061837 1061837 40192083 1061837 
442841652 1061837 40192083 1061837 442841652 40192083 40192083 40192083 1061837 
40192083 442841652 40192083 1061837 1061837 442841652 442841652 40192083 442841652 
40192083 40192083 40192083 442841652 442841652 1061837 1061837 442841652 442841652 
442841652 40192083 1061837 40192083 40192083 1061837 1061837 442841652 40192083 
40192083 40192083 442841652 40192083 1061837 40192083 442841652 442841652 1061837 
40192083 40192083 40192083 40192083 442841652 1061837 1061837 40192083 442841652 
1061837 40192083 1061837 442841652 1061837 1061837 1061837 442841652 1061837 
442841652 442841652 1061837 1061837 442841652 1061837 40192083 1061837 40192083 
442841652 40192083 40192083 442841652 442841652 40192083 442841652 442841652 40192083 
1061837 1061837 1061837 1061837 40192083 1061837 442841652 1061837 40192083 
1061837 442841652 40192083 40192083 40192083 1061837 1061837 1061837 40192083 
40192083 40192083 442841652 1061837 442841652 40192083 1061837 442841652 442841652 
442841652 442841652 442841652 442841652 442841652 1061837 40192083 40192083 442841652 
442841652 442841652 442841652 442841652 40192083 1061837 442841652 40192083 442841652 
1061837 40192083 40192083 442841652 442841652 442841652 442841652 442841652 1061837 
1061837 40192083 1061837 442841652 1061837 40192083 1061837 40192083 1061837 
442841652 1061837 1061837 1061837 1061837 442841652 1061837 1061837 1061837 
442841652 40192083 1061837 442841652 40192083 1061837 1061837 40192083 1061837 
1061837 442841652 442841652 40192083 1061837 40192083 1061837 1061837 442841652 
1061837 1061837 40192083 442841652 1061837 40192083 40192083 40192083 40192083 
40192083 442841652 442841652 40192083 40192083 1061837 1061837 1061837 442841652 
40192083 442841652 40192083 442841652 1061837 1061837 40192083 40192083 1061837 
1061837 1061837 40192083 40192083 40192083 442841652 40192083 442841652 40192083 
40192083 442841652 40192083 442841652 40192083 1061837 442841652 1061837 442841652 
1061837 1061837 40192083 1061837 442841652 1061837 1061837 442841652 40192083 
1061837 40192083 442841652 442841652 1061837 442841652 442841652 1061837 442841652 
1061837 40192083 442841652 1061837 40192083 1061837 442841652 40192083 442841652 
442841652 40192083 1061837 442841652 442841652 40192083 40192083 1061837 442841652 
1061837 40192083 40192083 442841652 40192083 40192083 442841652 1061837 1061837 
1061837 442841652 1061837 1061837 1061837 442841652 442841652 40192083 1061837 
1061837 40192083 1061837 1061837 40192083 1061837 40192083 442841652 40192083 
1061837 1061837 442841652 40192083 40192083 1061837 40192083 1061837 1061837 
1061837 442841652 442841652 40192083 40192083 40192083 40192083 1061837 442841652 
40192083 40192083 442841652 40192083 1061837 40192083 1061837 40192083 1061837 
1061837 1061837 1061837 1061837 1061837 442841652 442841652 1061837 40192083 
40192083 1061837 442841652 40192083 40192083 40192083 40192083 40192083 40192083 
40192083 442841652 442841652 40192083 442841652 1061837 1061837 442841652 1061837 
442841652 40192083 442841652 442841652 1061837 1061837 442841652 442841652 40192083 
40192083 1061837 442841652 442841652 1061837 40192083 442841652 40192083 40192083 
40192083 1061837 442841652 40192083 1061837 1061837 1061837 442841652 1061837 
1061837 442841652 40192083 442841652 40192083 442841652 1061837 40192083 40192083 
1061837 40192083 442841652 1061837 442841652 1061837 442841652 40192083 1061837 
1061837 1061837 40192083 1061837 40192083 40192083 1061837 40192083 1061837 
442841652 1061837 40192083 40192083 1061837 442841652 1061837 1061837 1061837 
1061837 1061837 40192083 1061837 442841652 442841652 442841652 1061837 442841652 
1061837 40192083 40192083 1061837 442841652 1061837 40192083 40192083 40192083 
442841652 442841652 442841652 442841652 1061837 442841652 40192083 442841652 1061837 
1061837 442841652 442841652 40192083 1061837 1061837 442841652 40192083 40192083 
1061837 442841652 40192083 442841652 40192083 40192083 1061837 1061837 1061837 
442841652 1061837 1061837 40192083 442841652 442841652 442841652 1061837 40192083 
442841652 40192083 40192083 40192083 442841652 40192083 40192083 442841652 442841652 
40192083 442841652 40192083 40192083 442841652 442841652 40192083 442841652 1061837 
40192083 1061837 442841652 1061837 1061837 40192083 1061837 442841652 1061837 
442841652 40192083 40192083 1061837 1061837 40192083 442841652 40192083 442841652 
1061837 442841652 40192083 442841652 40192083 442841652 1061837 40192083 40192083 
1061837 40192083 40192083 1061837 442841652 442841652 40192083 1061837 40192083 
40192083 1061837 1061837 1061837 40192083 442841652 40192083 442841652 442841652 
40192083 1061837 1061837 40192083 40192083 1061837 442841652 1061837 442841652 
40192083 442841652 1061837 1061837 442841652 442841652 442841652 40192083 40192083 
40192083 442841652 40192083 1061837 40192083 40192083 442841652 442841652 1061837 
1061837 40192083 442841652 442841652 442841652 442841652 40192083 442841652 1061837 
40192083 1061837 40192083 1061837 40192083 442841652 40192083 40192083 442841652 
40192083 1061837 40192083 1061837 1061837 40192083 442841652 442841652 40192083 
40192083 1061837 442841652 442841652 442841652 442841652 442841652 1061837 1061837 
1061837 40192083 40192083 1061837 1061837 40192083 1061837 442841652 1061837 
442841652 1061837 1061837 40192083 40192083 40192083 442841652 1061837 442841652 
442841652 1061837 442841652 1061837 1061837 442841652 1061837 442841652 40192083 
40192083 40192083 442841652 40192083 442841652 1061837 40192083 40192083 40192083 
40192083 442841652 1061837 1061837 442841652 40192083 40192083 1061837 1061837 
442841652 442841652 442841652 442841652 442841652 1061837 40192083 40192083 442841652 
1061837 1061837 40192083 1061837 1061837 40192083 442841652 442841652 40192083 
442841652 442841652 1061837 40192083 40192083 40192083 442841652 40192083 40192083 
1061837 442841652 1061837 1061837 40192083 442841652 442841652 1061837 442841652 
40192083 40192083 40192083 40192083 442841652 442841652 1061837 1061837 1061837 
40192083 1061837 442841652 40192083 40192083 1061837 40192083 442841652 1061837 
1061837 1061837 442841652 40192083 1061837 1061837 1061837 442841652 1061837 
442841652 1061837 442841652 40192083 40192083 1061837 442841652 40192083 1061837 
1061837 40192083 40192083 40192083 1061837 40192083 1061837 1061837 40192083 
40192083 1061837 442841652 40192083 442841652 442841652 40192083 442841652 1061837 
1061837 442841652 1061837 442841652 1061837 442841652 1061837 1061837 40192083 
40192083 1061837 40192083 442841652 1061837 40192083 1061837 1061837 1061837 
1061837 40192083 442841652 40192083 40192083 40192083 442841652 40192083 1061837 
442841652 442841652 1061837 1061837 40192083 40192083 442841652 442841652 40192083 
