1000
60451 66785
27155169 27170893
11762350 11789312
25056841 25084986
23840187 23850148
503731 515673
4947260 4979651
14958398 14958551
307294 324715
19168518 19188413
5594334 5609105
11816781 11836693
26308283 26325318
10156063 10179874
32079485 32097158
4782885 4790596
28933844 28959391
28311446 28344203
20526651 20535374
9994121 9994899
12614619 12636809
1886496 1916602
9265902 9285166
23194422 23218227
16276041 16300411
15727262 15758363
24980956 25000585
12942868 12962822
19217984 19222950
7566955 7593263
17366711 17391337
11599265 11620803
16504866 16527795
16938721 16969836
4751322 4774026
10174105 10176411
32438130 32443151
29453612 29472684
6422213 6448990
15947753 15964265
24574954 24584115
19101523 19126290
24231126 24235157
12352214 12353364
17364188 17378154
3537283 3567474
18447433 18462890
12581993 12592376
15312589 15344798
9993885 10012473
6584690 6612196
13359133 13388301
950095 968857
1694722 1701081
28307513 28329061
6647755 6651796
3694366 3704657
31585438 31596458
4709845 4737193
23755988 23780472
8484478 8484531
2064178 2092116
7069388 7087515
478864 493757
25262035 25279842
2488294 2494911
23360810 23375119
7817719 7835170
21099649 21116168
32332046 32362349
6384384 6390228
33406605 33439307
3275781 3278874
14712635 14714222
30027039 30034487
25818258 25824876
21093716 21108514
15649925 15670723
28700181 28720653
24205418 24217710
6184563 6202753
30375702 30381893
20307304 20326460
11796298 11798932
24858199 24878527
23199482 23204368
19328785 19358654
20643108 20644524
22412542 22422864
19099429 19105128
3669820 3697712
24975315 24986027
2664910 2685913
27514309 27528997
13723197 13738452
16818058 16828643
24770605 24797693
32206793 32230550
10090708 10094877
2223225 2240414
20478561 20480929
29381553 29392108
3532965 3540406
9762241 9780301
22240937 22257076
12730263 12756259
17087729 17110278
17857946 17870895
220827 224124
20934270 20950375
25083802 25096257
26369730 26381431
32067775 32073561
12557529 12581884
31936085 31936997
11069224 11090169
4418668 4446989
20044894 20072876
496688 519884
20708313 20710474
5668834 5680007
10727180 10748839
26933063 26950316
20506154 20535664
4879529 4892715
8516986 8545008
2225858 2244645
10143270 10150661
10448425 10474902
4521058 4546882
30047506 30071878
20643385 20671455
7667337 7674855
8373613 8405883
1805932 1823124
14322718 14331198
29916619 29921421
4226879 4229504
1580932 1591955
30700293 30714474
31747880 31765385
28277957 28290988
8695950 8713172
32045832 32053732
19655848 19678261
31719358 31748528
261233 280944
26397136 26401803
7468294 7468434
14023303 14044927
28691533 28718109
22214786 22241088
17792962 17797640
23158059 23183543
1044272 1065391
23710448 23728535
31807366 31816376
4881834 4902149
9827859 9839902
23305212 23310321
8088254 8117819
3571593 3586067
2712603 2718232
32695119 32723639
7076466 7076589
25190041 25203302
10452749 10454013
8460346 8468462
5168998 5198009
31513867 31539414
21681168 21710958
15300076 15321839
5075315 5093977
14187700 14205413
19430570 19438935
13319381 13320581
26687783 26690086
13069213 13071537
6633460 6654573
15261017 15283867
14808988 14821981
28044237 28050777
31882272 31895107
33134520 33163870
19283093 19303649
23774810 23784167
8731693 8761030
23846205 23875566
13218526 13248143
10367405 10386101
11886057 11910480
24731301 24735866
6717156 6739452
30572309 30589271
3699750 3706404
17396689 17411058
23075731 23078338
2543503 2555138
10313024 10317699
13248687 13270829
24328559 24351300
20676563 20694388
3298766 3300392
32701285 32733068
24439798 24462077
23248801 23261535
1701798 1707354
2041792 2067497
7137588 7153469
309325 325966
20348183 20361325
11762651 11793528
20938662 20940414
18902664 18915337
10282081 10282956
20558354 20558964
1048148 1076260
31440753 31464584
20539256 20567941
19549225 19551814
26622761 26642114
19777755 19804495
22576122 22576457
8978360 8985965
25882517 25911020
3923167 3943775
29996909 30014458
30274521 30306148
6651749 6677878
32009381 32038555
21100477 21120692
8891413 8915405
26449377 26472769
16137838 16164266
28700660 28710735
19250314 19275284
6454567 6487171
515813 538476
5843259 5852269
22703969 22722209
12481478 12489097
21421479 21428183
32582672 32583422
25810799 25812338
310430 331528
11517200 11530848
3042760 3065673
11361321 11390033
17983734 17985503
15628615 15642600
28982856 28985721
19004109 19029617
28998878 29008479
29023884 29048356
27812351 27840921
30506189 30523292
14769607 14781207
27621055 27626620
29735 55082
2141055 2153692
22964063 22969112
4793908 4805250
654652 675873
1801474 1822362
14486194 14494143
13172662 13198282
784827 789363
21298803 21331029
15556478 15566331
26247128 26262876
20401439 20433696
25361232 25376187
23887830 23913241
21548931 21579932
23098648 23117232
9760300 9783642
8285689 8301831
31946172 31971244
20920590 20946763
25034388 25041093
21134452 21153827
30831797 30847833
15102421 15133235
6137920 6144572
24541302 24561784
1408535 1409666
18668977 18683602
2064253 2068439
20164210 20169872
22162061 22172414
21935244 21949252
7438041 7443495
16710906 16737209
14598292 14609416
12612725 12639834
24605200 24626280
21846490 21870540
24739457 24754721
12189276 12218919
27557430 27560991
29189492 29190774
13989842 13992062
5536523 5540354
19836710 19856969
19486811 19510782
30727609 30737390
27144296 27176981
25927210 25932799
13033266 13052303
6585061 6591295
12809961 12813920
6649323 6674592
25556165 25556223
15054483 15080747
15482711 15507266
8019866 8022905
30962280 30990362
2014933 2035643
25096390 25104770
30539103 30545644
18550415 18567525
26540577 26541365
24569556 24599512
29386241 29396249
13254062 13255785
21875740 21900924
25377824 25382895
1930710 1931781
11623763 11649916
14646696 14667521
9911565 9940215
2661613 2666306
4816256 4826372
12545067 12546595
27319992 27349413
8615546 8622362
7699534 7728200
29785121 29805085
1373750 1379771
11942273 11948337
30015423 30033325
30590692 30614633
33553426 33581849
28196550 28208818
9543138 9575045
24895417 24896429
21653510 21677624
27455476 27479032
12606253 12636249
29852702 29878047
15061240 15068731
14046219 14076333
16834326 16859048
30423891 30424943
25877815 25896053
27065614 27076480
18087666 18116152
21708070 21734703
12451574 12452720
18838253 18842178
10911506 10918108
31546370 31574200
29997320 30004598
21299120 21319568
14215708 14244023
4685370 4694937
22890461 22921879
20374756 20388607
27483814 27488263
17331858 17332087
25111228 25140788
15527498 15529153
21171992 21194353
32532494 32555640
8939842 8961030
20047294 20074957
15458243 15469764
490751 511279
13564186 13565091
9694309 9723271
14513980 14526529
17888586 17920509
29032445 29055370
11173145 11189481
18777342 18789735
7829498 7857662
32366061 32385196
2569241 2579245
16731711 16760375
10218504 10249072
19750829 19759981
18841580 18849774
10116370 10144766
7755881 7770521
29874563 29875506
33394581 33414870
8625597 8629402
7782232 7813682
1654321 1665385
9402877 9418951
13858396 13878091
9813221 9826382
31938096 31965454
26672796 26692222
29194422 29225196
9010366 9033918
4291375 4306870
5903210 5904574
15269471 15273931
490300 517121
26766283 26787860
10023941 10054136
28262158 28278501
772529 773541
11959183 11972611
6055458 6061425
24998207 25000115
17645039 17671473
5337902 5342221
982841 1009647
8378636 8390003
18117915 18146447
31291646 31295093
5142379 5168601
30035272 30063855
27603379 27621361
22559160 22568380
31882678 31906534
19966685 19971009
6642909 6658878
11926894 11942571
23230812 23252803
32972391 32989219
7929586 7945457
10970316 10989019
11299984 11305529
9739281 9769519
24835915 24857228
23049874 23075002
2161762 2189911
11462062 11477931
716617 736884
18140497 18159131
26104300 26127130
25526042 25531219
14218410 14219112
14710117 14726707
9034941 9042964
32951507 32971676
2391818 2423128
28867378 28875304
9715334 9747862
5786834 5794047
10122423 10143709
2816418 2820890
7301122 7306963
21216687 21231554
25472698 25474579
9501918 9530532
19070762 19073423
26705908 26726715
20765729 20785164
6520139 6527725
1425049 1433409
13659584 13668512
30208145 30231985
6930119 6949929
11877949 11899841
32750752 32780104
11664908 11686702
6775844 6787491
17851711 17858919
3345833 3369076
28333567 28360408
196324 216136
31384883 31404734
25063385 25093276
27872654 27882644
26318647 26336427
23132803 23165347
3421359 3422258
23065891 23071429
7673905 7702157
25611800 25627634
1899273 1902058
19005236 19024041
29490256 29503466
13890634 13917613
31714365 31714438
20678228 20699725
14187052 14206842
6749450 6760609
20934521 20934680
3536508 3545580
10647936 10675903
10459469 10477972
15761247 15775443
12369306 12381917
19496025 19507081
13203899 13220582
14048732 14074184
2807642 2814455
2930844 2946304
21118616 21121215
20623944 20633142
27686963 27719547
7417277 7434283
8878321 8897203
25857475 25889233
12416949 12434044
7481020 7496698
10435851 10460909
28243406 28257413
24305169 24308164
2750564 2778317
21409288 21424853
3175720 3181892
11533545 11541059
10417087 10428278
6125274 6132022
5795562 5797706
16841561 16868078
15004892 15010766
16170093 16193005
8355813 8364904
10059077 10085934
21161412 21161648
8764687 8795913
28854843 28878026
8617444 8633541
3141049 3143562
9483554 9504632
17284924 17289535
32714125 32714295
30702769 30727519
6298885 6312750
22764418 22791425
28091072 28107439
29211410 29243220
18070591 18072778
6872399 6878720
6716023 6735470
24798638 24820914
26377709 26408131
28338470 28341925
2093998 2098858
29965825 29997173
12811885 12834316
29784231 29798428
22637104 22652925
17721001 17747022
25050699 25077823
18758575 18769951
1834147 1859145
12364837 12371759
10890859 10919747
8353712 8358459
29388246 29413924
6617553 6642514
14540151 14566514
5863757 5895318
23805257 23833531
1605409 1606590
4390539 4408649
19090489 19097661
2598653 2600765
13799709 13807956
27552031 27560836
33158480 33162469
9566845 9582276
9890845 9908051
27216436 27218642
27840246 27843642
17104172 17127866
15908292 15938401
18427585 18456563
22138799 22155425
3781584 3799490
26554177 26582295
24984415 24996200
14834431 14846851
21225311 21241124
28073925 28074243
3667251 3674518
8600708 8623894
14859528 14877355
28766015 28773167
30997532 31002225
20362577 20393888
18035077 18035483
7958878 7978291
5120542 5138079
30759820 30767175
13631391 13634572
13423816 13434803
11039757 11047974
9729098 9758545
16051713 16073817
15465111 15478636
30949244 30971025
4997034 5000690
3439681 3466761
16480788 16502199
14046696 14049947
27881263 27910031
17464107 17477040
24370359 24382618
27295008 27297103
24952418 24960138
27487312 27496288
18898525 18902596
25408759 25417915
5754280 5762185
10697935 10719497
23451082 23472162
1882669 1913871
10762080 10767420
12366690 12398183
7926114 7946588
25386649 25395529
23904064 23927464
744875 765541
4258852 4271333
17591963 17611359
16615409 16637421
18574527 18593289
25644774 25644795
18374592 18383840
26667752 26691469
9948402 9961692
3423703 3426872
22420663 22443303
22511239 22540344
25386213 25394894
3748401 3772434
32800371 32807413
26902131 26913551
16220110 16232354
31808573 31829225
19321505 19351975
15365687 15367281
22019846 22023122
21839244 21846923
24575820 24600530
29974041 30003262
29155031 29178620
24534898 24559677
5127118 5147253
24051260 24080293
2142855 2162634
16383430 16408392
19431161 19450266
12091383 12094052
3211167 3212624
13311449 13325046
14559878 14574722
7549299 7570327
29978753 29993476
13819316 13850917
24817597 24841289
20246411 20275712
22904361 22907926
17858453 17877063
523621 538643
32600543 32623558
8248641 8257379
15662506 15664114
12959470 12992177
24827194 24827338
22837867 22861021
25195023 25217248
20577500 20609481
2391077 2419300
21101002 21119848
5111557 5130362
8828534 8849023
28016075 28044210
15072721 15094351
23783284 23810021
25066672 25094044
10542863 10549597
9796944 9824550
8387491 8415873
14458453 14488885
25276907 25289186
18742459 18773295
24706614 24719351
18480503 18501080
11007755 11028311
23346876 23368777
9006440 9008576
4700699 4706606
21720490 21729209
27451388 27481429
3439753 3456043
23525920 23529511
12484011 12515501
3325485 3328538
17481145 17507048
27655792 27674271
1736699 1769167
14350939 14374578
30240741 30270734
16219498 16243336
25424165 25448564
9203315 9204338
27589890 27604133
7528078 7536785
21002805 21013492
8551955 8576592
18857096 18879912
32455530 32464465
29842386 29862263
11665044 11692233
27358770 27361433
21233091 21255657
16758678 16777266
8023637 8033104
33221875 33235064
10795783 10817330
31259569 31268668
25624394 25655597
30790203 30791773
8844530 8870497
8660157 8671688
30697667 30705642
10812779 10844274
8255359 8282162
3471843 3479293
12614784 12640575
30097301 30099076
25254929 25273229
18394926 18398511
2320117 2321010
10743671 10748421
17657314 17681585
20082222 20112560
22183642 22202689
2418106 2418585
25919403 25938393
10255568 10259990
17301495 17319503
12674406 12696600
24272532 24292710
4160125 4184066
1891629 1907974
4488361 4503325
26345053 26370438
20574064 20583526
33488326 33499395
5279177 5310729
32860877 32864607
2308700 2321749
14474753 14501116
20050021 20068491
30449243 30456754
6011966 6022464
7274200 7299879
28735219 28749741
31835675 31861509
10087038 10094278
22445332 22450983
29277301 29304917
30595818 30601038
14966604 14993402
32964499 32981356
2952830 2971732
28957660 28977430
19479609 19505450
13007064 13010981
32479076 32492774
11546085 11546150
10641172 10666791
16467923 16497053
13359303 13373892
23709894 23729066
20347143 20359438
26047473 26065963
27258433 27289504
25844027 25864670
17263601 17290638
24468582 24488856
13333614 13365817
17888354 17908016
22863365 22894516
18874042 18890759
6811679 6817245
5004397 5027056
18702242 18734893
33553553 33570393
17622489 17649772
29970058 29978479
196469 223256
3349695 3377694
12804499 12806637
10957330 10959791
12409037 12416577
19300235 19311857
14745264 14772362
13253873 13284487
20053053 20081649
19627586 19638124
7854138 7875614
22080853 22097224
17167992 17181750
15826431 15855496
743777 746811
13073561 13104109
27946344 27962537
13268409 13285512
3796531 3810225
25263987 25271485
1015696 1019575
11927437 11958368
687259 712857
26077020 26101619
20606371 20608102
18610509 18614943
9633183 9643999
11683136 11713002
31716964 31745187
19134536 19157203
10321621 10335551
31550822 31566912
5561535 5563139
10869850 10877045
523302 540891
10120353 10138242
11721768 11725586
9590327 9590353
25693639 25723705
27048632 27061202
15037235 15065876
30723315 30744424
8384115 8405200
23951890 23970576
4877429 4905557
26115797 26146659
27061741 27065613
882853 897281
6805913 6812391
11169117 11190382
32011189 32031967
5961247 5963767
13237445 13262579
27909267 27922603
16742921 16745658
9535318 9542908
20845615 20877695
11206033 11223315
1887518 1901091
4829933 4834931
10149882 10151599
8903763 8931810
11225759 11255990
24694599 24720457
21331541 21334935
17628349 17642621
712038 744110
14106032 14117270
27545046 27574654
19685101 19691226
20618617 20627695
18841289 18862025
28139027 28160165
19201730 19212393
1733703 1740427
26606644 26614605
29556354 29574802
25697964 25721980
15508771 15522764
21797760 21828019
843666 868309
18102709 18102828
30596609 30605500
25871959 25878874
8283657 8284498
4844751 4857287
15334511 15335211
13775845 13800086
12121248 12126475
12091232 12101556
12570325 12593210
15400842 15407704
33413084 33424993
15235851 15262936
30112240 30126433
23667908 23683673
5913647 5924324
14115520 14130310
10070667 10071288
18545750 18570940
21036622 21058708
32800005 32830429
23156608 23180862
30398140 30411067
12809684 12816050
9320838 9333438
11091950 11094240
15351763 15354319
26432024 26453502
27459035 27466274
28764604 28775431
2617284 2624725
17202506 17221508
16741784 16755730
7227469 7257302
18152753 18159286
21182932 21209317
10385818 10403078
22708100 22712443
9809059 9809172
13377007 13382941
20905616 20935377
25624315 25636274
16641330 16654700
26752387 26760394
18016967 18040068
14837118 14852559
1833589 1864001
15228484 15235577
8676154 8708830
13868237 13874503
28327851 28349379
555529 560998
33292249 33309356
28563859 28581812
29095978 29109497
19946351 19968845
9760536 9780919
14605217 14633824
18471176 18476647
11459758 11489705
11794619 11815848
507502 525389
30472200 30479670
26377402 26385924
7462880 7480433
25325011 25326270
26016711 26021340
61085 83130
12661836 12687288
3243778 3255611
28436775 28462406
6904595 6930371
21626618 21642938
13368775 13385244
24798714 24818556
29703271 29729531
31702497 31731127
19168771 19200147
25938162 25955279
1366156 1380327
27435780 27454934
19331429 19362093
24346312 24358524
21609855 21635331
6532799 6550676
3880297 3891682
8481962 8497106
30271451 30285955
13262160 13282468
12449174 12454297
6623210 6627556
14170045 14195363
27262884 27280475
3926515 3932976
17399525 17426855
29182937 29200228
8615779 8639896
2391498 2393093
1480496 1502363
7207645 7235554
14308925 14320428
27213472 27215355
25976073 26004475
5372677 5401358
15940726 15942592
3784563 3788040
32014332 32020570
28336127 28362242
4713135 4745792
1438773 1445944
21092564 21115094
14024448 14050238
13709046 13725632
22122889 22142520
30466244 30492854
19167527 19185786
6077713 6105832
22011068 22017368
21909973 21921431
21329937 21360743
30572038 30596310
26800134 26812188
26965138 26969367
10730684 10741243
22804205 22826893
16760577 16787262
2325233 2357494
